wait,2000
walk,121,25,244
walk,117,34,244
wait,5000
teleport,Hotan,Donwhang
wait,5000
walk,3559,2070,-106
walk,3561,2081,-106
walk,3562,2093,-106
wait,5000
teleport,Donwhang,Jangan
wait,5000
dismount
wait,2000
equip,Beginner Warrior Outfit (M)
wait,5000
walk,6446,1074,-32
walk,6453,1056,-32
walk,6451,1028,-32
walk,6459,999,-14
walk,6474,998,-2
walk,6490,1011,0
walk,6492,1014,0
cast,Job - Caravan Bugle
wait,2000
begintargettrading
wait,5000
walk,6482,1006,0
walk,6476,992,0
walk,6457,977,0
walk,6450,970,0
wait,1000
walk,6450,945,0
walk,6449,924,0
walk,6449,903,-11
walk,6419,883,-10
walk,6395,863,-24
walk,6372,837,-51
walk,6337,781,-37
walk,6294,745,-39
walk,6318,766,-40
walk,6287,738,-43
walk,6238,693,-15
walk,6209,663,0
walk,6175,623,13
walk,6145,588,61
walk,6128,565,81
walk,6096,534,68
walk,6058,501,79
walk,6029,483,145
walk,5998,473,203
walk,5958,461,234
walk,5919,447,244
walk,5865,425,209
walk,5833,403,248
walk,5802,379,289
walk,5763,343,326
walk,5737,310,397
walk,5685,191,520
walk,5673,132,496
walk,5665,69,509
walk,5662,12,530
walk,5661,-46,602
walk,5654,-111,596
walk,5651,-148,610
walk,5648,-135,609
walk,5637,-173,632
walk,5628,-190,664
walk,5597,-220,668
walk,5561,-239,655
walk,5521,-234,779
walk,5498,-226,855
walk,5441,-208,971
walk,5401,-183,1061
walk,5365,-150,1106
walk,5327,-129,1125
walk,5316,-108,1148
walk,5292,-50,1189
walk,5280,-18,1229
walk,5270,20,1247
walk,5265,55,1265
walk,5256,106,1241
walk,5251,132,1253
walk,5246,165,1226
walk,5227,220,1113
walk,5213,265,1037
walk,5186,288,1015
walk,5151,307,994
walk,5097,327,950
walk,5059,344,956
walk,5036,360,1018
walk,4903,406,881
walk,4847,421,844
walk,4846,428,830
walk,4796,477,843
walk,4789,489,892
walk,4758,519,889
walk,4752,535,902
walk,4742,554,895
walk,4742,576,884
walk,4740,616,850
walk,4744,659,794
walk,4762,707,750
walk,4772,741,702
walk,4802,788,596
walk,4831,820,563
walk,4855,851,548
walk,4873,871,539
walk,4893,911,479
walk,4915,968,324
walk,4937,1013,226
walk,4954,1043,225
walk,4972,1080,144
walk,5004,1117,65
walk,5018,1126,62
wait,5000
teleport,Kayık Bilet Satıcısı Doji,Kayık Bilet Satıcısı Tayun
wait,5000
walk,5008,1691,59
walk,4940,1692,53
walk,4884,1686,51
walk,4827,1685,83
walk,4782,1688,73
walk,4725,1696,40
walk,4679,1699,47
walk,4647,1703,39
walk,4594,1701,7
walk,4517,1689,-11
walk,4460,1696,2
walk,4396,1717,-2
walk,4282,1756,-60
walk,4261,1764,-39
walk,4245,1772,-40
walk,4205,1786,-36
walk,4162,1803,-69
walk,4069,1836,-53
walk,4001,1855,-87
walk,3983,1860,-87
walk,3945,1871,-50
walk,3899,1879,-44
walk,3887,1882,-42
walk,3861,1887,-54
walk,3830,1885,-53
walk,3787,1876,-82
walk,3733,1864,-86
walk,3682,1857,-92
walk,3666,1854,-94
walk,3626,1850,-97
walk,3608,1850,-103
walk,3542,1846,-119
walk,3536,1843,-102
walk,3492,1846,-93
walk,3452,1853,-90
walk,3418,1863,-63
walk,3427,1860,-69
walk,3383,1873,-44
walk,3352,1878,-20
walk,3303,1875,-12
walk,3260,1868,-6
walk,3208,1855,0
walk,3120,1836,0
walk,3060,1825,-39
walk,3012,1803,-54
walk,2978,1770,-22
walk,2967,1759,-24
walk,2953,1700,-35
walk,2948,1661,-11
walk,2943,1643,-7
walk,2931,1612,-33
walk,2902,1540,-97
walk,2907,1550,-100
walk,2898,1504,-80
walk,2888,1440,-49
walk,2873,1411,0
walk,2845,1371,32
walk,2830,1344,26
walk,2826,1311,25
walk,2821,1268,-18
walk,2841,1236,4
walk,2846,1213,7
walk,2832,1176,13
walk,2835,1187,15
walk,2839,1150,12
walk,2841,1116,0
walk,2841,1087,0
walk,2839,1059,0
walk,2841,1021,-11
walk,2855,967,7
walk,2852,990,20
walk,2860,952,4
walk,2865,933,-12
walk,2875,894,-21
walk,2889,814,2
walk,2908,810,28
walk,2939,784,5
walk,2968,761,16
walk,2988,745,30
walk,3015,732,29
walk,3041,705,-12
walk,3069,692,0
walk,3091,679,51
walk,3114,661,45
walk,3147,656,2
walk,3176,647,0
walk,3210,628,4
walk,3244,610,6
walk,3277,575,7
walk,3311,549,29
walk,3330,523,39
walk,3348,486,41
walk,3356,435,38
walk,3363,405,39
walk,3370,357,0
walk,3371,307,10
walk,3368,269,19
walk,3363,227,40
walk,3353,174,90
walk,3339,141,115
walk,3329,119,123
walk,3312,76,148
walk,3300,44,224
walk,3289,11,293
walk,3274,-18,352
walk,3259,-62,369
walk,3257,-96,455
walk,3242,-132,525
walk,3235,-172,574
walk,3204,-201,618
walk,3194,-231,646
walk,3150,-267,646
walk,3119,-290,689
walk,3092,-322,822
walk,3071,-341,854
walk,3048,-355,918
walk,3024,-364,966
walk,2995,-377,942
walk,2964,-387,942
walk,2964,-390,950
walk,2932,-391,913
walk,2907,-394,896
walk,2882,-391,878
walk,2840,-397,837
walk,2809,-401,836
walk,2763,-404,777
walk,2732,-406,768
walk,2695,-406,789
walk,2667,-410,810
walk,2617,-409,741
walk,2593,-411,738
walk,2564,-420,734
walk,2558,-421,728
walk,2522,-423,707
walk,2489,-415,708
walk,2439,-405,643
walk,2402,-404,686
walk,2359,-403,702
walk,2324,-397,684
walk,2284,-377,652
walk,2246,-341,565
walk,2204,-314,506
walk,2180,-297,476
walk,2159,-281,460
walk,2129,-297,432
walk,2105,-302,439
walk,2071,-281,325
walk,2044,-270,284
walk,2007,-267,205
walk,1973,-262,162
walk,1949,-258,156
walk,1915,-272,114
walk,1868,-287,87
walk,1826,-296,51
walk,1789,-304,35
walk,1745,-310,6
walk,1752,-317,22
walk,1729,-327,21
walk,1701,-326,-18
walk,1657,-299,-41
walk,1620,-313,-47
walk,1600,-324,-45
walk,1574,-317,-56
walk,1571,-308,-57
wait,5000
teleport,Sandal Bilet Satıcısı Asa,Sandal Bilet Satıcıs Asimo
wait,5000
walk,1083,-328,-56
walk,1052,-351,-88
walk,1008,-350,-111
walk,984,-342,-116
walk,946,-327,-126
walk,916,-310,-125
walk,874,-293,-123
walk,858,-282,-115
walk,820,-257,-127
walk,827,-264,-130
walk,802,-246,-136
walk,782,-218,-105
walk,757,-194,-88
walk,762,-192,-82
walk,753,-167,-50
walk,743,-141,-12
walk,736,-116,-36
walk,693,-106,-43
walk,666,-97,-14
walk,639,-76,30
walk,610,-59,66
walk,602,-51,70
walk,581,-29,63
walk,557,-6,74
walk,557,-14,75
walk,530,-4,58
walk,477,9,-4
walk,459,21,17
walk,440,48,6
walk,401,48,11
walk,357,49,11
walk,317,48,13
walk,307,47,11
walk,274,48,63
walk,250,48,173
walk,233,47,244
walk,178,42,243
walk,166,43,243
walk,153,27,244
walk,147,14,243
walk,150,4,243
walk,153,15,243
walk,147,6,243
settletargettrading
wait,5000
walk,136,17,244
terminate,transport
wait,2000
walk,126,31,244
walk,116,36,244
unequip,Beginner Warrior Outfit (M)
wait,5000
