wait,2000
walk,121,25,244
walk,117,34,244
wait,5000
teleport,Hotan,Donwhang
wait,5000
walk,3559,2070,-106
walk,3561,2081,-106
walk,3562,2093,-106
wait,5000
teleport,Donwhang,Jangan
wait,5000
dismount
wait,2000
equip,Beginner Warrior Outfit (M)
wait,5000
walk,6446,1074,-32
walk,6453,1056,-32
walk,6451,1028,-32
walk,6459,999,-14
walk,6474,998,-2
walk,6490,1011,0
walk,6492,1014,0
cast,Job - Caravan Bugle
wait,2000
begintargettrading
wait,5000
walk,6482,1006,0
walk,6483,999,0
walk,6479,994,0
walk,6471,989,0
walk,6461,981,0
walk,6454,971,0
walk,6449,960,0
walk,6450,945,0
walk,6450,933,0
walk,6448,927,0
walk,6447,914,0
walk,6433,901,0
walk,6421,888,0
walk,6412,879,0
walk,6407,874,0
walk,6401,868,0
walk,6395,862,0
walk,6389,856,0
walk,6382,852,0
walk,6371,844,0
walk,6366,841,0
walk,6360,837,0
walk,6353,833,0
walk,6346,827,0
walk,6340,823,0
walk,6335,820,0
walk,6327,814,0
walk,6322,812,0
walk,6315,810,0
walk,6308,807,0
walk,6298,801,0
walk,6292,798,0
walk,6286,795,0
walk,6281,790,0
walk,6273,785,0
walk,6261,780,0
walk,6251,776,0
walk,6244,773,0
walk,6235,769,0
walk,6229,767,0
walk,6222,764,0
walk,6219,762,0
walk,6207,757,0
walk,6196,751,0
walk,6190,748,0
walk,6181,744,0
walk,6167,737,0
walk,6161,733,0
walk,6155,730,0
walk,6148,727,0
walk,6144,725,0
walk,6137,721,0
walk,6131,717,0
walk,6123,713,0
walk,6115,708,0
walk,6108,704,0
walk,6102,701,0
walk,6097,698,0
walk,6092,696,0
walk,6085,694,0
walk,6074,689,0
walk,6066,686,0
walk,6058,684,0
walk,6049,681,0
walk,6042,678,0
walk,6035,677,0
walk,6029,677,0
walk,6022,675,0
walk,6016,675,0
walk,6000,674,0
walk,5994,674,0
walk,5987,674,0
walk,5982,675,0
walk,5972,675,0
walk,5965,676,0
walk,5957,678,0
walk,5949,680,0
walk,5942,681,0
walk,5937,682,0
walk,5931,683,0
walk,5923,684,0
walk,5914,684,0
walk,5905,684,0
walk,5898,684,0
walk,5890,684,0
walk,5881,684,0
walk,5871,684,0
walk,5862,685,0
walk,5855,684,0
walk,5843,684,0
walk,5835,684,0
walk,5829,684,0
walk,5816,684,0
walk,5808,684,0
walk,5801,684,0
walk,5793,685,0
walk,5786,685,0
walk,5782,684,0
walk,5775,684,0
walk,5767,684,0
walk,5760,684,0
walk,5749,684,0
walk,5742,684,0
walk,5734,682,0
walk,5726,679,0
walk,5713,676,0
walk,5706,675,0
walk,5697,673,0
walk,5689,671,0
walk,5676,668,0
walk,5668,666,0
walk,5662,664,0
walk,5656,663,0
walk,5652,661,0
walk,5645,658,0
walk,5636,654,0
walk,5630,651,0
walk,5620,647,0
walk,5612,644,0
walk,5604,640,0
walk,5594,636,0
walk,5583,632,0
walk,5575,629,0
walk,5570,626,0
walk,5563,621,0
walk,5554,615,0
walk,5543,610,0
walk,5536,607,0
walk,5529,603,0
walk,5522,599,0
walk,5513,595,0
walk,5500,588,0
walk,5498,586,0
walk,5494,582,0
walk,5482,574,0
walk,5475,570,0
walk,5467,566,0
walk,5461,562,0
walk,5450,556,0
walk,5443,551,0
walk,5432,546,0
walk,5420,540,0
walk,5408,535,0
walk,5401,534,0
walk,5387,530,0
walk,5378,528,0
walk,5372,527,0
walk,5364,525,0
walk,5360,525,0
walk,5350,524,0
walk,5342,523,0
walk,5331,522,0
walk,5317,521,0
walk,5306,521,0
walk,5290,520,0
walk,5274,519,0
walk,5267,520,0
walk,5259,520,0
walk,5252,520,0
walk,5246,521,0
walk,5239,521,0
walk,5232,521,0
walk,5225,521,0
walk,5219,522,0
walk,5215,523,0
walk,5209,524,0
walk,5202,525,0
walk,5196,525,0
walk,5189,526,0
walk,5182,527,0
walk,5176,529,0
walk,5167,530,0
walk,5155,533,0
walk,5148,534,0
walk,5141,535,0
walk,5128,535,0
walk,5119,535,0
walk,5112,535,0
walk,5105,535,0
walk,5098,535,0
walk,5091,534,0
walk,5084,534,0
walk,5077,533,0
walk,5070,532,0
walk,5060,530,0
walk,5052,529,0
walk,5042,527,0
walk,5033,525,0
walk,5024,523,0
walk,5011,521,0
walk,5003,520,0
walk,4996,518,0
walk,4988,516,0
walk,4973,514,0
walk,4967,512,0
walk,4963,511,0
walk,4956,510,0
walk,4950,508,0
walk,4942,506,0
walk,4935,503,0
walk,4927,499,0
walk,4920,496,0
walk,4906,490,0
walk,4894,486,0
walk,4882,482,0
walk,4876,480,0
walk,4869,479,0
walk,4864,479,0
walk,4856,477,0
walk,4850,475,0
walk,4841,472,0
walk,4834,471,0
walk,4826,469,0
walk,4820,469,0
walk,4812,468,0
walk,4804,468,0
walk,4793,470,0
walk,4783,473,0
walk,4777,475,0
walk,4770,477,0
walk,4757,482,0
walk,4748,485,0
walk,4740,487,0
walk,4731,490,0
walk,4718,494,0
walk,4708,496,0
walk,4700,499,0
walk,4691,501,0
walk,4679,504,0
walk,4672,506,0
walk,4668,507,0
walk,4660,509,0
walk,4646,512,0
walk,4636,514,0
walk,4630,515,0
walk,4623,516,0
walk,4616,517,0
walk,4609,518,0
walk,4600,519,0
walk,4592,520,0
walk,4585,521,0
walk,4577,522,0
walk,4572,522,0
walk,4566,523,0
walk,4559,524,0
walk,4552,525,0
walk,4546,527,0
walk,4539,529,0
walk,4530,531,0
walk,4522,533,0
walk,4514,535,0
walk,4506,537,0
walk,4499,538,0
walk,4492,540,0
walk,4484,543,0
walk,4476,545,0
walk,4471,546,0
walk,4464,547,0
walk,4457,549,0
walk,4449,552,0
walk,4442,554,0
walk,4441,567,0
walk,4441,572,0
walk,4441,580,0
walk,4441,590,0
walk,4443,596,0
walk,4447,605,0
walk,4450,612,0
walk,4452,618,0
walk,4454,623,0
walk,4457,628,0
walk,4459,635,0
walk,4462,639,0
walk,4466,646,0
walk,4470,657,0
walk,4474,665,0
walk,4476,671,0
walk,4478,674,0
walk,4482,681,0
walk,4486,689,0
walk,4489,696,0
walk,4493,707,0
walk,4499,719,0
walk,4502,730,0
walk,4501,732,0
walk,4502,742,0
walk,4502,746,0
walk,4501,752,0
walk,4500,758,0
walk,4498,761,0
walk,4496,766,0
walk,4494,776,0
walk,4492,782,0
walk,4489,794,0
walk,4487,801,0
walk,4483,808,0
walk,4480,816,0
walk,4477,823,0
walk,4474,829,0
walk,4471,837,0
walk,4468,845,0
walk,4465,852,0
walk,4462,861,0
walk,4459,868,0
walk,4457,874,0
walk,4454,884,0
walk,4452,891,0
walk,4450,897,0
walk,4449,904,0
walk,4449,909,0
walk,4449,916,0
wait,5000
teleport,Kayık Bilet Satıcısı Chau,Kayık Bilet Satıcısı Hageuk
wait,5000
walk,4130,1206,0
walk,4119,1204,0
walk,4112,1204,0
walk,4104,1206,0
walk,4097,1207,0
walk,4093,1208,0
walk,4086,1209,0
walk,4077,1211,0
walk,4070,1214,0
walk,4063,1216,0
walk,4060,1221,0
walk,4058,1228,0
walk,4057,1233,0
walk,4055,1240,0
walk,4054,1247,0
walk,4053,1253,0
walk,4053,1260,0
walk,4054,1264,0
walk,4056,1268,0
walk,4056,1273,0
walk,4056,1280,0
walk,4055,1286,0
walk,4055,1291,0
walk,4054,1300,0
walk,4055,1307,0
walk,4056,1314,0
walk,4057,1322,0
walk,4059,1327,0
walk,4061,1333,0
walk,4061,1339,0
walk,4060,1343,0
walk,4057,1352,0
walk,4053,1360,0
walk,4049,1366,0
walk,4044,1372,0
walk,4040,1377,0
walk,4034,1384,0
walk,4029,1390,0
walk,4024,1397,0
walk,4018,1405,0
walk,4019,1402,0
walk,4017,1398,0
walk,4013,1395,0
walk,4006,1394,0
walk,4000,1393,0
walk,3993,1391,0
walk,3985,1389,0
walk,3979,1387,0
walk,3971,1385,0
walk,3965,1383,0
walk,3959,1381,0
walk,3952,1378,0
walk,3946,1376,0
walk,3938,1373,0
walk,3932,1370,0
walk,3926,1367,0
walk,3918,1363,0
walk,3909,1360,0
walk,3904,1358,0
walk,3897,1355,0
walk,3891,1353,0
walk,3883,1350,0
walk,3876,1348,0
walk,3868,1345,0
walk,3861,1342,0
walk,3855,1339,0
walk,3847,1336,0
walk,3840,1334,0
walk,3835,1331,0
walk,3828,1328,0
walk,3822,1324,0
walk,3817,1321,0
walk,3811,1319,0
walk,3805,1316,0
walk,3799,1313,0
walk,3789,1308,0
walk,3783,1305,0
walk,3776,1301,0
walk,3771,1298,0
walk,3766,1295,0
walk,3760,1292,0
walk,3753,1287,0
walk,3748,1284,0
walk,3741,1280,0
walk,3735,1276,0
walk,3729,1273,0
walk,3720,1268,0
walk,3716,1266,0
walk,3709,1262,0
walk,3704,1259,0
walk,3696,1255,0
walk,3688,1252,0
walk,3681,1248,0
walk,3674,1243,0
walk,3662,1243,0
walk,3657,1245,0
walk,3649,1248,0
walk,3641,1251,0
walk,3635,1252,0
walk,3626,1253,0
walk,3622,1254,0
walk,3613,1255,0
walk,3607,1255,0
walk,3599,1256,0
walk,3591,1256,0
walk,3584,1255,0
walk,3576,1254,0
walk,3570,1252,0
walk,3563,1246,0
walk,3556,1240,0
walk,3549,1235,0
walk,3542,1228,0
walk,3534,1221,0
walk,3530,1216,0
walk,3524,1210,0
walk,3518,1203,0
walk,3513,1197,0
walk,3508,1192,0
walk,3502,1185,0
walk,3496,1179,0
walk,3491,1176,0
walk,3486,1171,0
walk,3479,1165,0
walk,3475,1161,0
walk,3470,1156,0
walk,3465,1150,0
walk,3462,1148,0
walk,3457,1142,0
walk,3454,1137,0
walk,3448,1132,0
walk,3441,1124,0
walk,3436,1119,0
walk,3431,1114,0
walk,3425,1108,0
walk,3421,1104,0
walk,3416,1099,0
walk,3410,1094,0
walk,3406,1089,0
walk,3401,1085,0
walk,3396,1080,0
walk,3392,1075,0
walk,3386,1069,0
walk,3377,1060,0
walk,3367,1050,0
walk,3363,1045,0
walk,3358,1039,0
walk,3350,1037,0
walk,3343,1037,0
walk,3335,1039,0
walk,3326,1042,0
walk,3317,1049,0
walk,3315,1052,0
walk,3310,1056,0
walk,3307,1060,0
walk,3302,1065,0
walk,3299,1069,0
walk,3295,1073,0
walk,3292,1078,0
walk,3289,1083,0
walk,3286,1089,0
walk,3283,1094,0
walk,3281,1099,0
walk,3278,1105,0
walk,3276,1109,0
walk,3274,1114,0
walk,3272,1119,0
walk,3269,1127,0
walk,3267,1132,0
walk,3264,1136,0
walk,3261,1141,0
walk,3258,1145,0
walk,3257,1149,0
walk,3256,1152,0
walk,3254,1156,0
walk,3251,1162,0
walk,3248,1166,0
walk,3244,1170,0
walk,3240,1174,0
walk,3234,1177,0
walk,3228,1180,0
walk,3223,1182,0
walk,3216,1184,0
walk,3209,1186,0
walk,3202,1187,0
walk,3194,1188,0
walk,3183,1189,0
walk,3177,1190,0
walk,3171,1192,0
walk,3165,1194,0
walk,3158,1196,0
walk,3152,1198,0
walk,3143,1201,0
walk,3136,1203,0
walk,3139,1202,0
walk,3130,1204,0
walk,3123,1205,0
walk,3115,1206,0
walk,3107,1207,0
walk,3101,1208,0
walk,3093,1209,0
walk,3082,1210,0
walk,3075,1211,0
walk,3068,1211,0
walk,3059,1212,0
walk,3049,1212,0
walk,3039,1213,0
walk,3030,1213,0
walk,3024,1213,0
walk,3019,1213,0
walk,3012,1212,0
walk,3008,1211,0
walk,3002,1211,0
walk,2997,1210,0
walk,2991,1208,0
walk,2984,1206,0
walk,2978,1205,0
walk,2972,1203,0
walk,2966,1202,0
walk,2961,1200,0
walk,2954,1199,0
walk,2949,1197,0
walk,2944,1195,0
walk,2937,1192,0
walk,2930,1189,0
walk,2925,1184,0
walk,2920,1180,0
walk,2915,1174,0
walk,2910,1169,0
walk,2902,1160,0
walk,2898,1155,0
walk,2894,1150,0
walk,2887,1140,0
walk,2884,1136,0
walk,2879,1129,0
walk,2876,1124,0
walk,2872,1118,0
walk,2867,1112,0
walk,2864,1106,0
walk,2860,1099,0
walk,2857,1092,0
walk,2853,1086,0
walk,2849,1080,0
walk,2844,1073,0
walk,2840,1066,0
walk,2834,1060,0
walk,2829,1055,0
walk,2823,1049,0
walk,2818,1046,0
walk,2812,1043,0
walk,2807,1043,0
walk,2802,1044,0
walk,2796,1045,0
walk,2791,1047,0
walk,2782,1049,0
walk,2775,1051,0
walk,2766,1055,0
walk,2758,1055,0
walk,2749,1054,0
walk,2740,1052,0
walk,2731,1050,0
walk,2724,1049,0
walk,2718,1047,0
walk,2709,1046,0
walk,2704,1045,0
walk,2700,1044,0
walk,2694,1043,0
walk,2688,1042,0
walk,2682,1042,0
walk,2670,1041,0
walk,2669,1041,0
walk,2663,1040,0
walk,2655,1039,0
walk,2647,1039,0
walk,2640,1038,0
walk,2632,1037,0
walk,2625,1036,0
walk,2618,1036,0
walk,2607,1035,0
walk,2597,1034,0
walk,2591,1034,0
walk,2581,1032,0
walk,2571,1029,0
walk,2566,1026,0
walk,2561,1023,0
walk,2553,1018,0
walk,2546,1009,0
walk,2539,1002,0
walk,2535,995,0
walk,2531,990,0
walk,2527,982,0
walk,2522,972,0
walk,2517,963,0
walk,2514,956,0
walk,2509,946,0
walk,2506,940,0
walk,2502,932,0
walk,2500,926,0
walk,2496,919,0
walk,2492,912,0
walk,2489,907,0
walk,2486,899,0
walk,2483,894,0
walk,2479,886,0
walk,2475,877,0
walk,2472,870,0
walk,2470,863,0
walk,2466,854,0
walk,2463,846,0
walk,2459,836,0
walk,2456,829,0
walk,2454,823,0
walk,2452,817,0
walk,2449,810,0
walk,2446,802,0
walk,2445,798,0
walk,2441,791,0
walk,2440,783,0
walk,2437,776,0
walk,2434,768,0
walk,2430,758,0
walk,2427,753,0
walk,2424,745,0
walk,2418,734,0
walk,2415,729,0
walk,2407,718,0
walk,2397,702,0
walk,2394,698,0
walk,2390,693,0
walk,2385,687,0
walk,2380,681,0
walk,2375,674,0
walk,2370,668,0
walk,2366,662,0
walk,2360,654,0
walk,2357,650,0
walk,2350,644,0
walk,2344,640,0
walk,2340,636,0
walk,2334,632,0
walk,2329,627,0
walk,2323,624,0
walk,2317,620,0
walk,2311,616,0
walk,2307,614,0
walk,2299,609,0
walk,2296,605,0
walk,2292,601,0
walk,2294,605,0
walk,2290,603,0
walk,2285,600,0
walk,2279,597,0
walk,2274,594,0
walk,2267,591,0
walk,2260,587,0
walk,2254,584,0
walk,2247,581,0
walk,2243,580,0
walk,2237,577,0
walk,2232,575,0
walk,2225,573,0
walk,2218,571,0
walk,2213,569,0
walk,2208,568,0
walk,2202,567,0
walk,2196,565,0
walk,2189,563,0
walk,2182,562,0
walk,2171,559,0
walk,2167,558,0
walk,2157,556,0
walk,2151,555,0
walk,2144,553,0
walk,2137,550,0
walk,2131,548,0
walk,2126,547,0
walk,2121,546,0
walk,2115,544,0
walk,2108,542,0
walk,2103,540,0
walk,2098,538,0
walk,2092,536,0
walk,2085,534,0
walk,2080,532,0
walk,2074,531,0
walk,2067,530,0
walk,2063,530,0
walk,2057,529,0
walk,2051,529,0
walk,2049,530,0
walk,2046,530,0
walk,2042,531,0
walk,2035,531,0
walk,2029,532,0
walk,2023,532,0
walk,2012,532,0
walk,2004,532,0
walk,1997,531,0
walk,1992,531,0
walk,1985,530,0
walk,1982,531,0
walk,1975,530,0
walk,1968,530,0
walk,1963,528,0
walk,1957,526,0
walk,1951,524,0
walk,1946,522,0
walk,1943,520,0
walk,1939,517,0
walk,1933,512,0
walk,1927,507,0
walk,1919,499,0
walk,1916,492,0
walk,1913,488,0
walk,1908,479,0
walk,1903,470,0
walk,1899,464,0
walk,1894,455,0
walk,1888,445,0
walk,1883,438,0
walk,1877,429,0
walk,1872,419,0
walk,1868,410,0
walk,1865,401,0
walk,1861,390,0
walk,1858,374,0
walk,1855,363,0
walk,1852,350,0
walk,1850,344,0
walk,1850,337,0
walk,1849,330,0
walk,1849,323,0
walk,1849,314,0
walk,1849,306,0
walk,1849,297,0
walk,1849,288,0
walk,1850,281,0
walk,1851,273,0
walk,1852,266,0
walk,1853,257,0
walk,1855,246,0
walk,1856,236,0
walk,1856,228,0
walk,1856,223,0
walk,1857,218,0
walk,1857,211,0
walk,1858,204,0
walk,1858,196,0
walk,1858,188,0
walk,1858,180,0
walk,1858,174,0
walk,1857,160,0
walk,1856,154,0
walk,1854,147,0
walk,1850,137,0
walk,1847,128,0
walk,1843,119,0
walk,1839,112,0
walk,1835,105,0
walk,1831,100,0
walk,1827,95,0
walk,1824,90,0
walk,1819,83,0
walk,1809,70,0
walk,1805,65,0
walk,1801,60,0
walk,1798,56,0
walk,1792,48,0
walk,1788,44,0
walk,1781,36,0
walk,1775,28,0
walk,1772,26,0
walk,1766,22,0
walk,1758,15,0
walk,1746,11,0
walk,1739,8,0
walk,1730,5,0
walk,1723,3,0
walk,1711,0,0
walk,1707,0,0
walk,1699,0,0
walk,1694,0,0
walk,1688,0,0
walk,1681,1,0
walk,1675,0,0
walk,1669,0,0
walk,1659,-2,0
walk,1649,-5,0
walk,1641,-7,0
walk,1635,-7,0
walk,1627,-9,0
walk,1617,-11,0
walk,1608,-14,0
walk,1601,-15,0
walk,1594,-16,0
walk,1588,-17,0
walk,1582,-18,0
wait,5000
teleport,Sandal Bilet Satıcısı Salmai,Sandal Bilet Satıcıs Rahan
wait,5000
walk,1043,-47,0
walk,1035,-43,0
walk,1025,-39,0
walk,1015,-35,0
walk,1004,-32,0
walk,993,-29,0
walk,986,-26,0
walk,977,-24,0
walk,967,-21,0
walk,953,-18,0
walk,944,-17,0
walk,934,-14,0
walk,922,-12,0
walk,906,-11,0
walk,898,-12,0
walk,888,-11,0
walk,880,-9,0
walk,872,-7,0
walk,865,-5,0
walk,856,-3,0
walk,847,0,0
walk,837,4,0
walk,831,6,0
walk,821,10,0
walk,814,13,0
walk,806,16,0
walk,800,19,0
walk,793,22,0
walk,786,25,0
walk,774,31,0
walk,769,33,0
walk,764,36,0
walk,757,40,0
walk,751,43,0
walk,746,46,0
walk,741,50,0
walk,735,53,0
walk,730,56,0
walk,723,59,0
walk,717,63,0
walk,712,66,0
walk,706,69,0
walk,701,71,0
walk,694,74,0
walk,689,76,0
walk,681,79,0
walk,673,81,0
walk,665,82,0
walk,658,82,0
walk,652,81,0
walk,644,79,0
walk,632,76,0
walk,623,74,0
walk,614,72,0
walk,607,70,0
walk,595,68,0
walk,583,65,0
walk,577,63,0
walk,569,62,0
walk,562,60,0
walk,556,59,0
walk,548,57,0
walk,541,56,0
walk,535,55,0
walk,529,55,0
walk,519,54,0
walk,515,53,0
walk,508,52,0
walk,497,50,0
walk,491,50,0
walk,483,49,0
walk,475,49,0
walk,467,49,0
walk,460,49,0
walk,451,48,0
walk,445,48,0
walk,439,48,0
walk,434,49,0
walk,428,49,0
walk,419,49,0
walk,412,49,0
walk,404,49,0
walk,393,49,0
walk,386,49,0
walk,377,49,0
walk,370,49,0
walk,362,49,0
walk,357,49,11
walk,317,48,13
walk,307,47,11
walk,274,48,63
walk,250,48,173
walk,233,47,244
walk,178,42,243
walk,166,43,243
walk,153,27,244
walk,147,14,243
walk,150,4,243
walk,153,15,243
walk,147,6,243
settletargettrading
wait,5000
walk,136,17,244
terminate,transport
wait,2000
walk,126,31,244
walk,116,36,244
unequip,Beginner Warrior Outfit (M)
wait,5000
